%Dados de tempo (min):
TExp=[   0
         30
         60
         90
         120
         240
         360
         480
         600
         720
         1440
         2880
         4320];

%Concentração inicial de enzima (mol/L):
Enz1= 0.00121;    Enz2= 0.00121;    Enz3= 0.00110;
Enz4= 0.00110;    Enz5= 0.00172;    Enz6= 0.00242;
Enz7= 0.00169;    Enz8= 0.00221;    Enz9= 0.00171;
Enz10=0.00171;    Enz11=0.00171;
Enzima=[Enz1 Enz2 Enz3 Enz4 Enz5 Enz6 Enz7 Enz8 Enz9 Enz10 Enz11];

%Temperaturas (ºC):
T1=313.15; T2=333.15; T3=313.15;
T4=333.15; T5=313.15; T6=333.15;
T7=313.15; T8=333.15; T9=323.15;
T10=323.15; T11=323.15;
T=[T1 T2 T3 T4 T5 T6 T7 T8 T9 T10 T11];

% Volume antes da primeira adição de etanol (mL):
V1=[43.723 43.873 49.021 48.703 46.497 31.326 47.642 48.652 46.960 46.808 46.862];
% Volume depois da primeira adição de etanol (mL):
V2=[48.324 47.920 58.925 57.512 53.750 34.186 56.191 57.461 54.321 54.169 54.224];
% Volume depois da segunda adição de etanol (mL):
V3=[52.926 51.967 68.828 66.320 61.002 37.046 64.739 66.269 61.682 61.530 61.585];
V=[V1;V2;V3];

% Quantidade de EtOH adicionada para a segunda e terceira partes do experimento (mol);
N_EtOH=[0.0814 0.0780 0.1861 0.1559 0.1368 0.0463 0.1680 0.1516 0.1333 0.1343 0.1384];




% Concentração das espécies (mol/L)
%Experimento 1:
Dados(:,:,1)=[  0.80726	0.11037	0.00150	0.00000	1.76850	0.00000
0.69365	0.20435	0.02714	0.11131	1.67824	0.03710
0.61585	0.26010	0.04589	0.17397	1.64957	0.05799
0.57235	0.29931	0.06105	0.22333	1.62684	0.07444
0.55408	0.31467	0.07491	0.28101	1.61564	0.09367
0.45033	0.36394	0.10514	0.42751	1.53853	0.14250
0.39667	0.40070	0.14821	0.51767	1.50022	0.17256
0.37431	0.42306	0.18835	0.59324	1.50028	0.19775
0.33791	0.42142	0.20777	0.65064	1.53153	0.21688
0.30982	0.42308	0.23919	0.72625	1.56238	0.24208
0.17706	0.36214	0.32098	0.85273	3.09829	0.28424
0.07313	0.25403	0.44015	0.99935	4.35521	0.33312
0.02215	0.19666	0.53898	1.08813	4.31905	0.36271

];
    
%Experimento 2:
Dados(:,:,2)=[  0.80474	0.11003	0.00149	0.00000	1.53558	0.00000
0.69338	0.19896	0.02580	0.09930	1.45800	0.03310
0.62129	0.25502	0.05632	0.15832	1.42133	0.05277
0.58212	0.29436	0.06603	0.20532	1.39733	0.06844
0.55318	0.30713	0.09659	0.24381	1.38253	0.08127
0.48024	0.34146	0.13456	0.37325	1.27748	0.12442
0.43093	0.36826	0.16053	0.49757	1.17829	0.16586
0.38773	0.39953	0.17997	0.55804	1.14374	0.18601
0.34382	0.40278	0.21463	0.59108	1.13742	0.19703
0.33926	0.40907	0.23625	0.65245	1.10363	0.21748
0.20737	0.36259	0.30694	0.78596	2.42958	0.26199
0.10294	0.28330	0.40812	0.86593	3.58175	0.28864
0.07611	0.24645	0.45915	0.95279	3.55562	0.31760

];
    
%Experimento 3:
Dados(:,:,3)=[  0.72989	0.09980	0.00135	0.00000	3.19823	0.00000
0.65183	0.16869	0.00424	0.12653	3.11269	0.04218
0.59768	0.23368	0.00899	0.17159	3.10968	0.05720
0.54859	0.24652	0.01952	0.22867	3.09576	0.07622
0.50241	0.29856	0.03192	0.26753	3.10120	0.08918
0.42254	0.33953	0.06180	0.39112	3.02312	0.13037
0.36073	0.36557	0.07852	0.48910	2.97189	0.16303
0.32293	0.38270	0.09819	0.55725	2.95178	0.18575
0.29211	0.39209	0.16178	0.61540	2.94304	0.20513
0.26725	0.38454	0.18899	0.66724	2.94201	0.22241
0.14521	0.29273	0.32973	0.77252	5.23279	0.25751
0.07262	0.19331	0.36722	0.77719	6.93466	0.25906
0.03280	0.19301	0.43252	0.79694	6.99415	0.26565

];

%Experimento 4:
Dados(:,:,4)=[  0.73518	0.10052	0.00136	0.00000	2.80571	0.00000
0.63830	0.17240	0.00232	0.08321	2.75867	0.02774
0.58707	0.20926	0.00426	0.14273	2.73626	0.04758
0.56061	0.24539	0.01283	0.20765	2.70943	0.06922
0.53761	0.26244	0.02938	0.25022	2.70598	0.08341
0.44720	0.32942	0.08222	0.37629	2.62009	0.12543
0.37516	0.36151	0.12017	0.51017	2.52749	0.17006
0.34033	0.37220	0.14506	0.55706	2.52304	0.18569
0.30329	0.38385	0.18014	0.61959	2.50416	0.20653
0.28231	0.38587	0.21260	0.67771	2.49094	0.22590
0.16656	0.31109	0.30163	0.75538	4.61128	0.25179
0.10001	0.23317	0.35071	0.71722	6.26359	0.23907
0.04779	0.24588	0.38931	0.75308	6.30219	0.25103

];

%Experimento 5:
Dados(:,:,5)=[  0.76695	0.10486	0.00142	0.00000	2.51333	0.00000
0.65265	0.23170	0.02719	0.12429	2.42281	0.04143
0.56824	0.26296	0.05265	0.21174	2.37005	0.07058
0.49644	0.31825	0.07150	0.27449	2.34295	0.09150
0.45114	0.34520	0.08403	0.32402	2.33007	0.10801
0.35144	0.37657	0.15097	0.51513	2.17664	0.17171
0.29397	0.38930	0.20233	0.61271	2.11783	0.20424
0.25154	0.39124	0.22531	0.70004	2.07041	0.23335
0.23425	0.38345	0.24665	0.79743	2.01411	0.26581
0.20891	0.37850	0.24631	0.86850	1.98537	0.28950
0.09487	0.27331	0.40024	0.97262	3.96497	0.32421
0.02715	0.15601	0.54504	1.02149	5.50437	0.34050
0.02635	0.10807	0.56795	1.06133	5.54028	0.35378

];

%Experimento 6:
Dados(:,:,6)=[  0.80474	0.11003	0.00149	0.00000	1.53559	0.00000
0.64906	0.26771	0.04605	0.19941	1.36528	0.06647
0.55483	0.30943	0.05819	0.29899	1.29595	0.09966
0.49333	0.35370	0.09739	0.36101	1.26535	0.12034
0.44551	0.37246	0.11770	0.41024	1.24881	0.13675
0.37606	0.40443	0.17260	0.55903	1.13404	0.18634
0.29870	0.40762	0.22961	0.72586	1.00268	0.24195
0.25267	0.40523	0.28975	0.81153	0.95398	0.27051
0.23518	0.39348	0.32014	0.89835	0.90575	0.29945
0.21258	0.38473	0.34270	0.93515	0.90926	0.31172
0.12200	0.32744	0.38279	0.95927	2.42094	0.31976
0.02216	0.21077	0.54953	1.09015	3.58873	0.36338
0.01324	0.17070	0.61654	1.19717	3.57183	0.39906

];

%Experimento 7:
Dados(:,:,7)=[  0.74814	0.10229	0.00139	0.00000	2.86088	0.00000
0.63788	0.20161	0.02629	0.16158	2.73692	0.05386
0.54179	0.25265	0.02819	0.23301	2.70410	0.07767
0.49144	0.30119	0.03354	0.31188	2.66489	0.10396
0.45694	0.32604	0.04958	0.35293	2.66459	0.11764
0.35448	0.36251	0.09318	0.47706	2.58233	0.15902
0.28629	0.37310	0.13935	0.62443	2.47802	0.20814
0.23842	0.36786	0.18322	0.73782	2.40890	0.24594
0.21537	0.36172	0.20560	0.80861	2.38368	0.26954
0.18871	0.35975	0.25729	0.90677	2.33242	0.30226
0.08983	0.25875	0.34559	0.93448	4.55833	0.31149
0.03080	0.13581	0.45198	0.96505	6.18622	0.32168
0.01926	0.09591	0.50658	1.00051	6.22893	0.33350

];

%Experimento 8:
Dados(:,:,8)=[  0.73504	0.10050	0.00136	0.00000	2.80830	0.00000
0.60172	0.21670	0.04089	0.13719	2.70734	0.04573
0.51059	0.29269	0.06960	0.29033	2.59138	0.09678
0.43920	0.33102	0.09991	0.32988	2.59000	0.10996
0.39229	0.34850	0.13469	0.37225	2.58683	0.12408
0.32164	0.37783	0.21071	0.54171	2.45762	0.18057
0.23443	0.38108	0.27496	0.70411	2.33659	0.23470
0.19297	0.36658	0.30707	0.80868	2.27454	0.26956
0.17306	0.35635	0.35426	0.91005	2.21690	0.30335
0.15219	0.32971	0.39266	0.95420	2.21775	0.31807
0.06421	0.22901	0.44626	0.97657	4.39482	0.32552
0.02098	0.13638	0.43641	0.86927	6.11687	0.28976
0.01850	0.11513	0.46116	0.91476	6.14596	0.30492

];

%Experimento 9:
Dados(:,:,9)=[  0.76029	0.10395	0.00141	0.00000	2.49151	0.00000
0.64090	0.21469	0.05500	0.12801	2.39668	0.04267
0.57736	0.28414	0.05935	0.20207	2.35670	0.06736
0.53121	0.32364	0.08110	0.28758	2.30620	0.09586
0.48071	0.33746	0.09567	0.34618	2.28358	0.11539
0.36296	0.36418	0.15865	0.49215	2.17460	0.16405
0.29306	0.38540	0.19266	0.61972	2.08509	0.20657
0.25413	0.37999	0.25585	0.74414	1.99982	0.24805
0.21826	0.37110	0.27938	0.82599	1.95827	0.27533
0.19822	0.37221	0.30056	0.88674	1.93902	0.29558
0.09978	0.26755	0.45387	0.94036	3.94528	0.31345
0.01924	0.15445	0.49826	0.96013	5.49373	0.32004
0.00554	0.12102	0.49425	1.00129	5.52665	0.33376

];

%Experimento 10:
